{
 "cells": [
  {
   "cell_type": "code",
   "execution_count": 1,
   "metadata": {},
   "outputs": [
    {
     "name": "stdout",
     "output_type": "stream",
     "text": [
      "[name: \"/device:CPU:0\"\n",
      "device_type: \"CPU\"\n",
      "memory_limit: 268435456\n",
      "locality {\n",
      "}\n",
      "incarnation: 16885347770382813261\n",
      ", name: \"/device:GPU:0\"\n",
      "device_type: \"GPU\"\n",
      "memory_limit: 4945621811\n",
      "locality {\n",
      "  bus_id: 1\n",
      "  links {\n",
      "  }\n",
      "}\n",
      "incarnation: 12369953403168964428\n",
      "physical_device_desc: \"device: 0, name: GeForce GTX 1060 6GB, pci bus id: 0000:01:00.0, compute capability: 6.1\"\n",
      "]\n"
     ]
    }
   ],
   "source": [
    "import tensorflow as tf\n",
    "import numpy as np\n",
    "import scipy as sp\n",
    "from numpy import linalg as nla\n",
    "from scipy import linalg as sla\n",
    "from tensorflow.keras.utils import to_categorical\n",
    "from tensorflow.keras.datasets import mnist\n",
    "from time import time\n",
    "import os\n",
    "tf.enable_eager_execution()\n",
    "\n",
    "sess = tf.Session(config=tf.ConfigProto(log_device_placement=True))\n",
    "from tensorflow.python.client import device_lib\n",
    "print(device_lib.list_local_devices())"
   ]
  },
  {
   "cell_type": "code",
   "execution_count": 2,
   "metadata": {},
   "outputs": [],
   "source": [
    "def gmean(A, B):\n",
    "    return (sla.sqrtm(A) @ sla.sqrtm(nla.inv(sla.sqrtm(A)) @ B @ nla.inv(sla.sqrtm(A))) @ sla.sqrtm(A))"
   ]
  },
  {
   "cell_type": "code",
   "execution_count": 3,
   "metadata": {
    "scrolled": true
   },
   "outputs": [
    {
     "name": "stdout",
     "output_type": "stream",
     "text": [
      "0th step\n",
      "500th step\n",
      "1000th step\n",
      "1500th step\n",
      "2000th step\n",
      "2500th step\n",
      "3000th step\n",
      "3500th step\n",
      "4000th step\n",
      "4500th step\n",
      "5000th step\n",
      "5500th step\n",
      "6000th step\n",
      "6500th step\n",
      "7000th step\n",
      "7500th step\n",
      "8000th step\n",
      "8500th step\n",
      "9000th step\n",
      "9500th step\n"
     ]
    }
   ],
   "source": [
    "m = 30\n",
    "numABs = 10000\n",
    "As = np.zeros((numABs, m**2))\n",
    "Bs = np.zeros((numABs, m**2))\n",
    "Ys = np.zeros((numABs, m**2))\n",
    "for i in range(numABs):\n",
    "    A = np.random.rand(m,m)\n",
    "    B = np.random.rand(m,m)\n",
    "    A = A @ A.transpose()\n",
    "    B = B @ B.transpose()\n",
    "    Y = gmean(A, B)\n",
    "    As[i][:] = A.flatten()\n",
    "    Bs[i][:] = B.flatten()\n",
    "    Ys[i][:] = Y.flatten()\n",
    "    if i % 500 == 0:\n",
    "        print('{}th step'.format(i))"
   ]
  },
  {
   "cell_type": "code",
   "execution_count": 4,
   "metadata": {},
   "outputs": [],
   "source": [
    "nb_classes = 30\n",
    "\n",
    "W1 = tf.Variable(tf.random_normal([2 * m**2, nb_classes]), name='weight1')\n",
    "b1 = tf.Variable(tf.random_normal([nb_classes]), name='bias1')\n",
    "\n",
    "W2 = tf.Variable(tf.random_normal([nb_classes, nb_classes]), name='weight2')\n",
    "b2 = tf.Variable(tf.random_normal([nb_classes]), name='bias2')\n",
    "\n",
    "W3 = tf.Variable(tf.random_normal([nb_classes, nb_classes]), name='weight3')\n",
    "b3 = tf.Variable(tf.random_normal([nb_classes]), name='bias3')\n",
    "\n",
    "W4 = tf.Variable(tf.random_normal([nb_classes, m**2]), name='weight4')\n",
    "b4 = tf.Variable(tf.random_normal([m**2]), name='bias4')\n",
    "variables = [W1, b1, W2, b2, W3, b3, W4, b4]"
   ]
  },
  {
   "cell_type": "code",
   "execution_count": 5,
   "metadata": {},
   "outputs": [],
   "source": [
    "x_data = np.zeros((numABs, 2*m**2))\n",
    "for i in range(numABs):\n",
    "    x_data[i][:] = np.hstack([As[i], Bs[i]])\n",
    "\n",
    "x_data = tf.convert_to_tensor(x_data, dtype=tf.float32)\n",
    "y_data = tf.convert_to_tensor(Ys, dtype=tf.float32)\n",
    "# y_data = Ys"
   ]
  },
  {
   "cell_type": "code",
   "execution_count": 6,
   "metadata": {
    "scrolled": false
   },
   "outputs": [
    {
     "name": "stdout",
     "output_type": "stream",
     "text": [
      "WARNING:tensorflow:From C:\\Users\\saibi\\Jupyter\\envs\\tfGPU\\lib\\site-packages\\tensorflow\\python\\ops\\resource_variable_ops.py:642: colocate_with (from tensorflow.python.framework.ops) is deprecated and will be removed in a future version.\n",
      "Instructions for updating:\n",
      "Colocations handled automatically by placer.\n",
      "Iter: 0, Loss: 49.7345\n",
      "Iter: 500, Loss: 26.6349\n",
      "Iter: 1000, Loss: 17.9548\n",
      "Iter: 1500, Loss: 11.9293\n",
      "Iter: 2000, Loss: 7.8930\n",
      "Iter: 2500, Loss: 5.2837\n",
      "Iter: 3000, Loss: 3.6206\n",
      "Iter: 3500, Loss: 2.5627\n",
      "Iter: 4000, Loss: 1.9051\n",
      "Iter: 4500, Loss: 1.4963\n",
      "Iter: 5000, Loss: 1.2425\n",
      "Iter: 5500, Loss: 1.0851\n",
      "Iter: 6000, Loss: 0.9875\n",
      "Iter: 6500, Loss: 0.9270\n",
      "Iter: 7000, Loss: 0.8894\n",
      "Iter: 7500, Loss: 0.8659\n",
      "Iter: 8000, Loss: 0.8510\n",
      "Iter: 8500, Loss: 0.8377\n",
      "Iter: 9000, Loss: 0.8312\n",
      "Iter: 9500, Loss: 0.8273\n",
      "Iter: 10000, Loss: 0.8247\n",
      "Iter: 10500, Loss: 0.8229\n",
      "Iter: 11000, Loss: 0.8216\n",
      "Iter: 11500, Loss: 0.8206\n",
      "Iter: 12000, Loss: 0.8197\n",
      "Iter: 12500, Loss: 0.8191\n",
      "Iter: 13000, Loss: 0.8188\n",
      "Iter: 13500, Loss: 0.8185\n",
      "Iter: 14000, Loss: 0.8183\n",
      "Iter: 14500, Loss: 0.8182\n",
      "Iter: 15000, Loss: 0.8181\n",
      "Iter: 15500, Loss: 0.8179\n",
      "Iter: 16000, Loss: 0.8178\n",
      "Iter: 16500, Loss: 0.8177\n",
      "Iter: 17000, Loss: 0.8177\n",
      "Iter: 17500, Loss: 0.8176\n",
      "Iter: 18000, Loss: 0.8175\n",
      "Iter: 18500, Loss: 0.8174\n",
      "Iter: 19000, Loss: 0.8174\n",
      "Iter: 19500, Loss: 0.8173\n"
     ]
    }
   ],
   "source": [
    "def loss_fn(variables, hypothesis, x_data, y_data):\n",
    "    cost = tf.reduce_mean(tf.square(y_data - hypothesis))\n",
    "    return cost\n",
    "\n",
    "def grad(variables, hypothesis, x_data, y_data):\n",
    "    with tf.GradientTape() as tape:\n",
    "        loss_value = loss_fn(variables, hypothesis, x_data, y_data)\n",
    "    return tape.gradient(loss_value, variables)\n",
    "\n",
    "optimizer = tf.train.GradientDescentOptimizer(learning_rate=0.01)\n",
    "EPOCHS = 20000\n",
    "for step in range(EPOCHS):\n",
    "    with tf.GradientTape() as tape:\n",
    "        layer1 = tf.math.tanh(tf.matmul(x_data, W1) + b1)\n",
    "        layer2 = tf.math.tanh(tf.matmul(layer1, W2) + b2)\n",
    "        layer3 = tf.math.tanh(tf.matmul(layer2, W3) + b3)\n",
    "        hypothesis = tf.matmul(layer3, W4) + b4\n",
    "        cost = tf.reduce_mean(tf.square(y_data - hypothesis))\n",
    "        \n",
    "    grads = tape.gradient(cost, variables)\n",
    "    optimizer.apply_gradients(grads_and_vars=zip(grads, variables))\n",
    "    if step % 500 == 0:\n",
    "        print(\"Iter: {}, Loss: {:.4f}\".format(step, cost))\n",
    "\n",
    "# def test_model(self,x_data, y_data):\n",
    "#     x_data, y_data = self.preprocess_data(x_data, y_data)\n",
    "#     test_acc = self.accuracy_fn(self.deep_nn(x_data),y_data)\n",
    "#     print(\"Testset Accuracy: {:.4f}\".format(test_acc))"
   ]
  },
  {
   "cell_type": "code",
   "execution_count": 7,
   "metadata": {},
   "outputs": [],
   "source": [
    "A = np.random.rand(m,m)\n",
    "B = np.random.rand(m,m)\n",
    "A = A @ A.transpose()\n",
    "B = B @ B.transpose()\n",
    "S = gmean(A, B)\n",
    "x = tf.convert_to_tensor(np.hstack([A.flatten(), B.flatten()]), dtype=tf.float32)\n",
    "x = tf.expand_dims(x, 0)\n",
    "\n",
    "y = tf.matmul(tf.sigmoid(tf.matmul(tf.sigmoid(tf.matmul(tf.sigmoid(tf.matmul(x, W1) + b1), W2) + b2), W3) + b3), W4) + b4\n",
    "Y = tf.reshape(y, (m,m))\n",
    "SY = S - Y"
   ]
  },
  {
   "cell_type": "code",
   "execution_count": 8,
   "metadata": {
    "scrolled": false
   },
   "outputs": [
    {
     "name": "stdout",
     "output_type": "stream",
     "text": [
      "[[5.59373226 3.47483999 4.24288285 2.81011021 4.28930472 4.0217003\n",
      "  4.07420984 2.83693703 3.48828472 4.13358763 3.05030495 3.85703569\n",
      "  3.128039   3.42838731 3.73082343 3.48060087 3.04138357 3.35187263\n",
      "  3.37940127 3.19844839 3.71731766 4.04472261 3.16609157 4.561893\n",
      "  2.92890937 3.46517496 4.09011456 3.76331045 3.67211788 3.69244613]\n",
      " [3.47483999 5.0553138  4.05759657 2.53279425 4.21434201 3.77492773\n",
      "  3.65705956 2.72696627 3.72817158 4.18095184 2.90270642 3.51485838\n",
      "  3.35505939 3.09863287 3.22993022 2.43738407 3.19999175 3.27045535\n",
      "  3.45879312 2.73411999 3.08084578 3.93745149 2.61960497 3.45468329\n",
      "  3.10083582 3.36215815 3.85586736 3.7700647  3.39718431 3.05072509]\n",
      " [4.24288285 4.05759657 5.99551159 3.21583344 4.97479141 4.42340787\n",
      "  4.02968132 3.55178601 4.22170273 4.85271033 3.91412656 4.27973632\n",
      "  3.32990708 4.14988137 3.71090862 3.47135929 3.54222288 3.8358347\n",
      "  3.8839542  3.31299397 3.7899801  5.03738123 3.66695753 4.38769633\n",
      "  3.4647333  3.78097615 4.39704331 4.5782702  3.86402079 3.90917015]\n",
      " [2.81011021 2.53279425 3.21583344 4.12853184 3.2207483  3.76296776\n",
      "  3.04987581 2.66664375 2.67133305 3.26123014 2.41806036 3.08292757\n",
      "  2.98496672 2.77920178 2.5765968  2.68015058 2.67867036 3.14977885\n",
      "  2.63252376 2.13464201 2.73774185 3.56122828 2.61878565 3.40861985\n",
      "  3.15491867 2.40848549 2.96890598 3.01286896 2.34675706 3.15661629]\n",
      " [4.28930472 4.21434201 4.97479141 3.2207483  6.16585455 4.28588066\n",
      "  4.18993557 3.58674028 4.02800133 4.64089233 4.40250817 3.9204913\n",
      "  3.54049789 3.61244625 3.94653782 3.1822626  3.56697411 4.02713058\n",
      "  3.83750085 3.66893753 3.99374226 4.96094429 3.50120967 4.24602498\n",
      "  3.5196838  4.13158054 3.81715841 4.24640404 4.05883963 3.57905207]\n",
      " [4.0217003  3.77492773 4.42340787 3.76296776 4.28588066 5.84142688\n",
      "  3.84959826 3.36199038 3.83559599 5.17121947 3.58877198 4.48391614\n",
      "  3.56223401 3.83501024 3.60956532 3.49505181 3.46761898 3.8219278\n",
      "  4.202861   2.70323525 3.78275762 4.49298871 3.68285405 4.69220343\n",
      "  4.18816612 3.2990708  4.25773933 4.21446792 3.71056378 4.2413999 ]\n",
      " [4.07420984 3.65705956 4.02968132 3.04987581 4.18993557 3.84959826\n",
      "  4.82767262 3.17263192 3.54308533 4.1323279  2.94122107 3.44209358\n",
      "  3.16965593 3.63797079 3.39586103 2.97282032 3.33619529 3.54556942\n",
      "  3.4836173  3.08340082 3.03070134 4.03409262 3.14095587 4.25903152\n",
      "  3.19735468 3.6053298  4.16905879 3.67897546 3.3047283  3.46310962]\n",
      " [2.83693703 2.72696627 3.55178601 2.66664375 3.58674028 3.36199038\n",
      "  3.17263192 4.26952992 2.7095766  3.43159256 2.6532585  2.76139583\n",
      "  3.0343583  3.19213133 3.06864412 2.32354283 2.99196263 2.82790732\n",
      "  2.94481857 2.45131212 2.62525968 4.19706637 2.38723323 3.27795528\n",
      "  2.93735807 2.96184087 2.93011602 3.56190064 2.59590736 3.41828143]\n",
      " [3.48828472 3.72817158 4.22170273 2.67133305 4.02800133 3.83559599\n",
      "  3.54308533 2.7095766  4.53705539 4.05637921 3.06124276 3.49959881\n",
      "  2.96816784 3.04020408 3.11824071 2.70453449 3.15853838 3.03337294\n",
      "  3.135557   2.78716756 2.89229093 3.74136788 2.6777923  3.59973653\n",
      "  2.87135618 3.25791324 3.76919591 3.62032386 3.72135114 2.94506487]\n",
      " [4.13358763 4.18095184 4.85271033 3.26123014 4.64089233 5.17121947\n",
      "  4.1323279  3.43159256 4.05637921 6.68772173 4.14274568 5.20034154\n",
      "  3.57921582 4.26519887 4.17673697 3.53912425 3.70070077 4.17618602\n",
      "  4.23334926 2.75167792 3.87084781 5.12003256 3.97345985 4.81241202\n",
      "  3.64923646 3.66887234 4.61878336 4.43466158 3.95893962 4.34760122]\n",
      " [3.05030495 2.90270642 3.91412656 2.41806036 4.40250817 3.58877198\n",
      "  2.94122107 2.6532585  3.06124276 4.14274568 4.60896084 3.53847976\n",
      "  2.37029448 3.16821129 3.42710861 2.58417639 2.83467556 3.81703897\n",
      "  3.09130219 2.66472355 3.33223158 3.87256225 3.02789545 3.61740986\n",
      "  2.90359531 3.07818045 3.01406653 3.56291266 3.27587625 2.99600558]\n",
      " [3.85703569 3.51485838 4.27973632 3.08292757 3.9204913  4.48391614\n",
      "  3.44209358 2.76139583 3.49959881 5.20034154 3.53847976 5.5161282\n",
      "  3.12863861 3.92985203 3.49951585 3.04560612 2.83486925 3.61355018\n",
      "  3.42205084 2.28187918 3.5034632  4.42963644 3.12105001 4.2271327\n",
      "  3.00381013 3.20710368 4.00098843 3.36660794 3.41444573 3.6429718 ]\n",
      " [3.128039   3.35505939 3.32990708 2.98496672 3.54049789 3.56223401\n",
      "  3.16965593 3.0343583  2.96816784 3.57921582 2.37029448 3.12863861\n",
      "  4.16420002 2.8604993  2.77431551 2.34928239 2.4781455  3.16724264\n",
      "  3.09762271 2.36596103 2.69705553 3.9629883  2.56682969 3.23131567\n",
      "  2.94632349 2.72009009 3.22363882 3.5639175  2.59920627 3.09009667]\n",
      " [3.42838731 3.09863287 4.14988137 2.77920178 3.61244625 3.83501024\n",
      "  3.63797079 3.19213133 3.04020408 4.26519887 3.16821129 3.92985203\n",
      "  2.8604993  4.60499415 3.650864   2.82975869 3.33400577 3.77833285\n",
      "  3.26339598 2.31127451 3.41984183 4.26842348 3.43852451 4.29428437\n",
      "  3.41755952 3.11867429 3.98392593 3.33973623 3.20682408 3.68800281]\n",
      " [3.73082343 3.22993022 3.71090862 2.5765968  3.94653782 3.60956532\n",
      "  3.39586103 3.06864412 3.11824071 4.17673697 3.42710861 3.49951585\n",
      "  2.77431551 3.650864   4.53686384 2.74510224 3.0991187  3.51121289\n",
      "  3.12071431 2.63224984 3.53941767 4.24319522 3.0970282  4.22354281\n",
      "  3.04077869 2.86978904 3.68642901 3.69572109 3.53576779 3.47283946]\n",
      " [3.48060087 2.43738407 3.47135929 2.68015058 3.1822626  3.49505181\n",
      "  2.97282032 2.32354283 2.70453449 3.53912425 2.58417639 3.04560612\n",
      "  2.34928239 2.82975869 2.74510224 3.62161304 2.52059975 2.74403379\n",
      "  2.67705547 2.48492977 2.74208156 3.33245627 2.48384197 3.49557682\n",
      "  2.90478519 2.4838362  3.19887784 3.51341619 2.82522401 3.49353482]\n",
      " [3.04138357 3.19999175 3.54222288 2.67867036 3.56697411 3.46761898\n",
      "  3.33619529 2.99196263 3.15853838 3.70070077 2.83467556 2.83486925\n",
      "  2.4781455  3.33400577 3.0991187  2.52059975 4.27075986 3.33353449\n",
      "  2.74289741 2.68812577 3.20224265 3.51900428 2.70061856 3.64087976\n",
      "  3.28996436 2.51539577 3.26718915 3.0999121  3.0182745  3.24574714]\n",
      " [3.35187263 3.27045535 3.8358347  3.14977885 4.02713058 3.8219278\n",
      "  3.54556942 2.82790732 3.03337294 4.17618602 3.81703897 3.61355018\n",
      "  3.16724264 3.77833285 3.51121289 2.74403379 3.33353449 4.99162534\n",
      "  3.60952057 2.99716744 3.36086656 4.06556287 3.3829558  4.43262336\n",
      "  3.6760765  3.28003325 3.5855408  3.72261918 3.10132503 3.59802567]\n",
      " [3.37940127 3.45879312 3.8839542  2.63252376 3.83750085 4.202861\n",
      "  3.4836173  2.94481857 3.135557   4.23334926 3.09130219 3.42205084\n",
      "  3.09762271 3.26339598 3.12071431 2.67705547 2.74289741 3.60952057\n",
      "  4.42339102 2.6126824  3.19785298 4.12753334 3.4190734  4.14802525\n",
      "  3.22119771 3.27808303 3.58276568 3.89589182 3.13989434 3.53986452]\n",
      " [3.19844839 2.73411999 3.31299397 2.13464201 3.66893753 2.70323525\n",
      "  3.08340082 2.45131212 2.78716756 2.75167792 2.66472355 2.28187918\n",
      "  2.36596103 2.31127451 2.63224984 2.48492977 2.68812577 2.99716744\n",
      "  2.6126824  3.59475981 2.56551659 3.40285714 2.17901073 3.1337413\n",
      "  2.46799064 2.80971111 2.68818287 3.23819629 2.74656494 2.42803852]\n",
      " [3.71731766 3.08084578 3.7899801  2.73774185 3.99374226 3.78275762\n",
      "  3.03070134 2.62525968 2.89229093 3.87084781 3.33223158 3.5034632\n",
      "  2.69705553 3.41984183 3.53941767 2.74208156 3.20224265 3.36086656\n",
      "  3.19785298 2.56551659 4.63981193 3.82660202 3.44616336 3.95433882\n",
      "  3.19727596 3.0694448  3.10811233 3.3500615  2.95466414 3.4720574 ]\n",
      " [4.04472261 3.93745149 5.03738123 3.56122828 4.96094429 4.49298871\n",
      "  4.03409262 4.19706637 3.74136788 5.12003256 3.87256225 4.42963644\n",
      "  3.9629883  4.26842348 4.24319522 3.33245627 3.51900428 4.06556287\n",
      "  4.12753334 3.40285714 3.82660202 6.09167586 3.73063035 4.39191554\n",
      "  3.77880382 3.81990314 4.26791353 4.75383414 3.80014105 4.20477472]\n",
      " [3.16609157 2.61960497 3.66695753 2.61878565 3.50120967 3.68285405\n",
      "  3.14095587 2.38723323 2.6777923  3.97345985 3.02789545 3.12105001\n",
      "  2.56682969 3.43852451 3.0970282  2.48384197 2.70061856 3.3829558\n",
      "  3.4190734  2.17901073 3.44616336 3.73063035 4.49646364 4.08462988\n",
      "  2.71773533 2.71264842 3.54864274 3.16072998 2.47497615 2.82542472]\n",
      " [4.561893   3.45468329 4.38769633 3.40861985 4.24602498 4.69220343\n",
      "  4.25903152 3.27795528 3.59973653 4.81241202 3.61740986 4.2271327\n",
      "  3.23131567 4.29428437 4.22354281 3.49557682 3.64087976 4.43262336\n",
      "  4.14802525 3.1337413  3.95433882 4.39191554 4.08462988 5.80545064\n",
      "  3.94995512 3.51135309 4.66837938 4.10245609 4.05480746 4.27016346]\n",
      " [2.92890937 3.10083582 3.4647333  3.15491867 3.5196838  4.18816612\n",
      "  3.19735468 2.93735807 2.87135618 3.64923646 2.90359531 3.00381013\n",
      "  2.94632349 3.41755952 3.04077869 2.90478519 3.28996436 3.6760765\n",
      "  3.22119771 2.46799064 3.19727596 3.77880382 2.71773533 3.94995512\n",
      "  4.31344087 2.77784749 3.06268013 3.72460826 3.10340149 3.49468623]\n",
      " [3.46517496 3.36215815 3.78097615 2.40848549 4.13158054 3.2990708\n",
      "  3.6053298  2.96184087 3.25791324 3.66887234 3.07818045 3.20710368\n",
      "  2.72009009 3.11867429 2.86978904 2.4838362  2.51539577 3.28003325\n",
      "  3.27808303 2.80971111 3.0694448  3.81990314 2.71264842 3.51135309\n",
      "  2.77784749 4.49659519 3.21923108 3.56836943 2.9161607  2.92858575]\n",
      " [4.09011456 3.85586736 4.39704331 2.96890598 3.81715841 4.25773933\n",
      "  4.16905879 2.93011602 3.76919591 4.61878336 3.01406653 4.00098843\n",
      "  3.22363882 3.98392593 3.68642901 3.19887784 3.26718915 3.5855408\n",
      "  3.58276568 2.68818287 3.10811233 4.26791353 3.54864274 4.66837938\n",
      "  3.06268013 3.21923108 5.51100664 3.76068561 3.69925814 3.90926731]\n",
      " [3.76331045 3.7700647  4.5782702  3.01286896 4.24640404 4.21446792\n",
      "  3.67897546 3.56190064 3.62032386 4.43466158 3.56291266 3.36660794\n",
      "  3.5639175  3.33973623 3.69572109 3.51341619 3.0999121  3.72261918\n",
      "  3.89589182 3.23819629 3.3500615  4.75383414 3.16072998 4.10245609\n",
      "  3.72460826 3.56836943 3.76068561 5.72189462 3.39657898 4.04757288]\n",
      " [3.67211788 3.39718431 3.86402079 2.34675706 4.05883963 3.71056378\n",
      "  3.3047283  2.59590736 3.72135114 3.95893962 3.27587625 3.41444573\n",
      "  2.59920627 3.20682408 3.53576779 2.82522401 3.0182745  3.10132503\n",
      "  3.13989434 2.74656494 2.95466414 3.80014105 2.47497615 4.05480746\n",
      "  3.10340149 2.9161607  3.69925814 3.39657898 4.6748475  3.09029528]\n",
      " [3.69244613 3.05072509 3.90917015 3.15661629 3.57905207 4.2413999\n",
      "  3.46310962 3.41828143 2.94506487 4.34760122 2.99600558 3.6429718\n",
      "  3.09009667 3.68800281 3.47283946 3.49353482 3.24574714 3.59802567\n",
      "  3.53986452 2.42803852 3.4720574  4.20477472 2.82542472 4.27016346\n",
      "  3.49468623 2.92858575 3.90926731 4.04757288 3.09029528 5.16109755]]\n",
      "tf.Tensor(\n",
      "[[-2.3443551e+00  2.5570474e+00 -1.0236244e+00  2.6888547e+00\n",
      "   4.5850286e+00  4.1204700e+00  3.3915055e-01  6.3280182e+00\n",
      "   3.3583601e+00  6.5728264e+00  5.8994007e+00 -1.9772146e+00\n",
      "  -1.3607173e+00  2.1495137e+00  5.9533918e-01 -3.8603113e+00\n",
      "  -1.1138427e+00  1.1467625e+01 -1.4611883e+00 -1.2715516e+00\n",
      "  -1.0937116e+00  2.6443796e+00  3.0536728e+00  8.6243963e+00\n",
      "  -4.6675949e+00 -1.1137539e+00  6.1349791e-01 -1.6869190e+00\n",
      "   1.5019419e+00  9.4078803e-01]\n",
      " [ 1.2683258e+00  6.6036725e+00  2.0718212e+00  9.5393574e-01\n",
      "   4.4471312e-01  3.3488250e-01  3.1313787e+00 -5.1405911e+00\n",
      "   4.4175553e+00  5.6165938e+00  1.1737387e+00 -4.7744799e+00\n",
      "   3.8193471e+00  1.6390233e+00  5.2911243e+00 -2.3561306e+00\n",
      "   8.1494436e+00  1.7599913e+00 -6.0000215e+00 -4.5036745e+00\n",
      "   1.4197839e+00  1.7723763e+00  4.0408978e+00  1.8604230e+00\n",
      "  -2.5009348e+00  6.8560162e+00 -9.1336632e-01 -7.1377311e+00\n",
      "  -5.4723053e+00  8.8824406e+00]\n",
      " [ 3.9960532e+00 -8.5692012e-01 -2.8753543e+00  4.5798259e+00\n",
      "  -1.1729481e+00  2.1317103e+00  7.2293940e+00 -2.7514637e+00\n",
      "  -2.5533564e+00  6.9651408e+00  9.1108871e-01  2.1758864e+00\n",
      "  -4.8167076e+00 -3.4088778e+00  1.2272490e+00 -3.0680776e+00\n",
      "   6.2987299e+00  3.6008277e+00  4.5035181e+00  4.0260201e+00\n",
      "  -1.7534231e+00  7.7722697e+00  2.8952789e+00 -2.4686131e+00\n",
      "   6.7210364e-01  7.2470279e+00 -8.3012419e+00 -4.4909687e+00\n",
      "   1.5426493e+00  8.3247786e+00]\n",
      " [ 2.9650061e+00  2.3311663e-01 -6.1600864e-01 -2.0169353e+00\n",
      "   8.3711882e+00 -9.8747683e-01  5.1629500e+00 -8.9255738e-01\n",
      "   5.0145669e+00 -4.5703840e+00  6.0269370e+00  3.1901526e+00\n",
      "  -1.9786046e+00 -1.9832289e+00  5.0612569e-01  7.1095066e+00\n",
      "   1.0827463e+00 -1.9195063e+00 -1.3431354e+00  8.9599699e-01\n",
      "   3.6933179e+00  1.1927701e+00 -4.3953991e-01 -1.6953006e-02\n",
      "  -3.2538791e+00 -3.6073809e+00  1.5759991e+00 -4.3469281e+00\n",
      "   2.5983191e+00  6.3889217e-01]\n",
      " [ 1.4684398e+00 -1.9338332e+00 -3.9154963e+00  1.2724954e-01\n",
      "  -1.9355583e-01  1.7946893e+00 -2.7658477e+00 -2.8345585e+00\n",
      "   2.7913208e+00  1.7301135e+00 -2.6655507e+00  1.0331817e+00\n",
      "  -3.2279224e+00 -6.0426397e+00  2.7337389e+00  7.3916979e+00\n",
      "   1.7276170e+00  1.2052207e+00 -2.7331159e+00 -1.1491377e+00\n",
      "   2.4921823e-01  4.5354921e-01  1.0206131e+01 -8.3926857e-01\n",
      "   1.0689249e+00 -3.6947713e+00 -8.2179415e-01 -3.1917732e+00\n",
      "  -3.2299964e+00 -7.3475575e-01]\n",
      " [-3.3629712e-01  1.4457027e+00  3.4380300e+00  1.7191558e+00\n",
      "  -1.4355795e+00 -4.9186096e+00  3.4461899e+00  2.4911861e+00\n",
      "   7.8491867e-02  1.8820375e+00  5.4345179e+00  8.6727552e+00\n",
      "   2.7558258e+00 -8.7350589e-01  4.7820272e+00  1.6459244e+00\n",
      "   7.9770737e+00  3.8902175e+00  3.1372037e+00 -2.1015339e+00\n",
      "  -2.2168479e+00  2.1872923e+00 -7.0617259e-01 -1.8705326e+00\n",
      "  -6.0999727e+00 -3.4033136e+00  1.9478525e+00 -2.0351419e+00\n",
      "  -4.2610817e+00 -2.7433858e+00]\n",
      " [ 3.8339772e+00 -5.5317974e-01  6.1377177e+00 -3.9596219e+00\n",
      "   9.6075211e+00  5.6804377e-01  1.9636259e+00  3.4033155e+00\n",
      "  -6.5133405e-01  1.3384036e+00  1.5949568e-01  7.4496061e-01\n",
      "  -9.5096326e-01 -3.0785437e+00  4.2878014e-01 -6.5600967e+00\n",
      "   9.8529291e+00  2.1360059e+00  8.3365250e+00  1.2672184e+00\n",
      "   2.5657606e+00  4.2163568e+00 -3.3676269e+00  4.5080948e-01\n",
      "  -2.0518987e+00  1.6357247e+00  2.4404573e+00  3.1204505e+00\n",
      "   4.1207008e+00 -2.5460106e-01]\n",
      " [-1.0224288e+00 -1.8190138e+00  3.5340526e+00  5.2298155e+00\n",
      "  -3.9603343e+00  2.9555011e+00  1.4996532e+00 -6.3234859e+00\n",
      "  -4.4853706e+00 -1.4140159e-01  5.9370553e-01  1.6442744e+00\n",
      "   7.0377083e+00 -1.9460196e+00  4.6682758e+00 -1.9117677e+00\n",
      "   3.3249798e+00  4.9274664e+00  5.3070507e+00  2.8307314e+00\n",
      "   6.3648930e+00  7.1535068e+00 -9.1874021e-01  1.8358366e+00\n",
      "   1.4186074e+00 -8.5005885e-01  4.7782035e+00 -2.7573271e+00\n",
      "  -5.7960792e+00  2.4332757e+00]\n",
      " [ 3.3207331e+00  3.4062406e-01  2.5757146e+00  1.1357490e+00\n",
      "   4.0590930e+00  1.6640977e+00  4.7789612e+00 -3.5305710e+00\n",
      "   1.8759131e-01 -2.9034512e+00  3.4497266e+00  4.0063477e+00\n",
      "  -2.3293200e+00 -7.1022987e-02 -3.3435092e+00 -4.5739365e-01\n",
      "  -8.2721412e-01 -7.4156961e+00  5.8396363e+00 -4.6595387e+00\n",
      "  -1.0878062e-01  3.5957193e+00 -1.6379905e+00 -1.2316800e+00\n",
      "  -3.9985871e+00  3.4777336e+00 -3.2127266e+00  8.9292049e+00\n",
      "   3.3855946e+00  5.5257897e+00]\n",
      " [-1.0494547e+00  2.7303455e+00 -2.4204903e+00 -9.5355004e-01\n",
      "   8.3771105e+00 -1.3370323e+00  1.6431665e+00  5.0189633e+00\n",
      "   2.0474401e+00 -2.5237916e+00 -1.5587420e+00 -2.4427376e+00\n",
      "   8.4614791e-03  3.8877957e+00 -8.4943330e-01 -1.1449296e+00\n",
      "   3.8748610e-01 -6.3043528e+00 -6.4094963e+00 -2.2565246e+00\n",
      "   6.8442373e+00  8.2298636e-01  1.5658349e-02 -3.6700463e+00\n",
      "   5.1773591e+00  3.8246047e+00  9.3944228e-01  4.1860714e+00\n",
      "  -1.5738126e+00 -5.3191915e+00]\n",
      " [ 9.5699996e-02  2.0610693e+00  9.9910965e+00 -1.7808287e+00\n",
      "   5.7707829e+00  2.9559417e+00 -2.2959931e+00  5.3242922e+00\n",
      "   3.0503154e-02 -6.0702295e+00  1.6058253e+00  6.2675848e+00\n",
      "  -1.9402434e+00 -1.1441543e+00 -6.4700928e+00 -1.3213030e+00\n",
      "  -1.3320765e+00  2.3146799e+00  3.7780550e+00 -2.5446615e+00\n",
      "   1.1001616e+00  1.1991146e-01 -5.2038801e-01 -5.3968704e-01\n",
      "   1.9200230e+00  2.1181369e+00 -5.2491846e+00 -5.0140995e-01\n",
      "  -9.3735719e-01 -2.5361797e-01]\n",
      " [ 4.2491164e+00 -3.9793658e+00  9.4088917e+00 -3.2543106e+00\n",
      "  -5.4599781e+00  2.6236138e-01 -5.3255191e+00  2.3290792e+00\n",
      "  -2.4225879e-01  4.6990547e+00  3.0357597e+00 -5.6875992e-01\n",
      "   1.7530912e+00  3.9545135e+00 -4.8538475e+00  1.9130968e+00\n",
      "   2.2425056e-02 -2.1299596e+00 -3.4677386e+00 -2.4809256e+00\n",
      "   2.1731293e-01 -3.9457610e+00  1.5246218e+00 -1.5595801e+00\n",
      "   5.8492088e+00  3.5898561e+00  1.1567528e+00  7.8597755e+00\n",
      "   1.5981907e-01  1.5995235e+00]\n",
      " [ 1.4214617e+00  4.9153929e+00  4.1700239e+00  5.5085981e-01\n",
      "   4.0159712e+00  6.1852584e+00  8.2505407e+00 -8.0777826e+00\n",
      "  -1.0612085e+00  2.4990196e+00 -1.8668990e+00  2.2016020e+00\n",
      "  -3.1641741e+00  3.2624493e+00  3.3787491e+00 -1.8199975e+00\n",
      "  -4.6298780e+00  4.6185980e+00  6.4425454e+00 -3.0184557e+00\n",
      "  -9.5015347e-01  3.2571692e+00 -3.3058989e+00  6.5815735e+00\n",
      "  -1.1275786e+00  5.2302566e+00 -2.3475653e-01 -3.4969542e+00\n",
      "  -1.1362872e+00 -7.1179419e+00]\n",
      " [ 2.4233911e+00  4.4370413e+00  4.6024137e+00 -6.1707501e+00\n",
      "   4.5366693e+00  1.6300887e+00  2.0008774e+00 -1.1231600e+00\n",
      "   3.8583026e+00 -1.0436997e+00 -2.0375776e-01  1.9906641e+00\n",
      "  -1.0034749e+01  2.2442455e+00  4.3791871e+00 -1.2637579e+00\n",
      "   4.7295898e-01  5.6500854e+00 -4.5358634e-01 -4.6205673e+00\n",
      "   3.3184009e+00 -8.4971991e+00 -1.7800416e+00 -5.5978661e+00\n",
      "  -4.7320044e-01  7.7154641e+00  8.8288164e+00 -2.6671042e+00\n",
      "  -6.1791930e+00  4.1731894e-02]\n",
      " [-1.0872617e+00 -1.9624560e+00 -3.0002661e+00 -4.6874208e+00\n",
      "   4.9123383e-01  3.4199827e+00  4.8516474e+00 -2.2532625e+00\n",
      "   3.1752415e+00  7.1405530e-01 -4.7515583e-01  1.9812174e+00\n",
      "   5.9698486e+00  3.5200224e+00 -4.2225188e-01 -4.4055700e-02\n",
      "  -1.3069029e+00  1.6651416e+00  2.9132993e+00 -3.9134812e+00\n",
      "  -3.6829114e+00  1.8796299e+00  1.0548060e+00 -2.8676577e+00\n",
      "   4.7096232e-01 -4.0902815e+00  1.6516037e+00 -1.2129049e+00\n",
      "   7.7197933e+00 -7.0496917e-01]\n",
      " [ 6.2286181e+00  3.6439633e+00  4.8346367e+00  1.3135836e+00\n",
      "   8.9858150e-01 -7.8948603e+00  2.8541420e+00  2.6470733e+00\n",
      "  -2.3244727e-01 -4.2116132e+00  2.7778964e+00  1.4589318e+00\n",
      "   3.4477964e-01 -2.5127475e+00 -2.1646433e+00 -1.4915631e+00\n",
      "   2.6073036e+00 -1.0985919e+00  6.0317883e+00  2.5792992e+00\n",
      "   5.7763419e+00 -4.3322964e+00  6.1518226e+00  1.5696733e+00\n",
      "   1.9358529e+00  2.4329984e+00  1.2346947e+00  5.9014835e+00\n",
      "   3.1108499e+00  3.7186513e+00]\n",
      " [ 5.4890804e+00  2.1832871e+00  1.0682997e+00  1.0846672e+00\n",
      "  -1.6114471e+00  1.4870995e-01  6.1090727e+00  8.1240282e+00\n",
      "   1.0111709e+00  3.1240072e+00 -2.9914157e+00 -1.5510337e+00\n",
      "   2.4657569e+00 -1.6313403e+00 -5.0584185e-01 -1.1021873e+00\n",
      "   2.5548744e-01  1.8586997e+00 -1.2873975e+00 -5.6473417e+00\n",
      "   2.0072176e+00  2.0258069e-02  3.1283035e+00  5.2716374e-01\n",
      "   3.8502266e+00  1.7908989e+00 -1.7159786e+00  1.1461656e+00\n",
      "  -2.0609848e+00  9.4910342e-01]\n",
      " [ 1.6816835e+00 -3.9367604e-01 -3.7758822e+00  7.2750874e+00\n",
      "   1.9043705e+00  3.6604624e+00  2.8755047e+00 -1.0360577e+00\n",
      "  -9.3288356e-01  1.0762489e+00 -1.0170579e-02  2.6710887e+00\n",
      "   4.2279377e+00  1.7123190e+00 -1.1458294e+00  2.2025161e+00\n",
      "   5.0594721e+00 -2.4847970e+00 -2.0614035e+00 -1.0340996e+00\n",
      "   1.0665016e+00 -2.3653944e+00  1.4598404e+00  1.4768579e+00\n",
      "  -1.8312007e-01  3.4682674e+00 -4.5225340e-01 -1.3251766e+00\n",
      "  -7.6659346e-01  1.7121224e+00]\n",
      " [-1.0531634e+01  3.2880139e+00 -2.6143131e+00  5.8433360e-01\n",
      "  -6.6502684e-01 -2.7992299e+00  6.2614560e+00  1.4083328e+00\n",
      "   3.2815852e+00  1.0532457e+00 -1.9782298e+00  5.9994812e+00\n",
      "   5.1257076e+00 -1.6323441e+00 -1.5170714e+00  7.7404323e+00\n",
      "   1.5943944e+00  3.6326327e+00  2.0687790e+00 -1.1672376e+00\n",
      "   3.1970439e+00 -1.6148531e-01 -4.6842136e+00  3.1906323e+00\n",
      "   7.0039368e-01 -1.5103456e+00  6.2324796e+00  1.0595537e+00\n",
      "   4.5272379e+00  2.6613572e+00]\n",
      " [-1.9640658e+00 -4.3756050e-01 -6.9129286e+00 -3.5454710e+00\n",
      "  -1.5538681e-01  5.8144746e+00 -7.6215782e+00  4.4143033e+00\n",
      "   3.3311167e+00  4.7801356e+00  8.5844975e+00  4.2287402e+00\n",
      "   2.5499022e+00 -5.9437394e-02  1.2603128e+00  3.1599846e+00\n",
      "  -8.3397303e+00  1.0804637e+01  1.7715913e+00  4.0041356e+00\n",
      "  -2.3236787e+00  2.2575259e+00  7.0344651e-01  2.1969948e+00\n",
      "   3.3655195e+00  1.3185222e+00 -5.7190380e+00  3.3832982e+00\n",
      "   1.4279513e+00  5.2004761e-01]\n",
      " [-8.9906454e-01 -3.0297637e+00  4.3643742e+00 -1.6490390e+00\n",
      "  -4.1291466e+00 -4.9237790e+00 -5.8696709e+00 -5.9651713e+00\n",
      "   1.6189506e+00  1.4361171e+00 -1.7930784e+00  6.2263579e+00\n",
      "  -7.1758473e-01  2.9946289e+00  4.1148582e+00 -9.4545639e-01\n",
      "   3.7323856e+00  6.4678860e-01 -3.7764578e+00 -1.4570183e-01\n",
      "  -2.4281440e+00  1.2485695e+00 -1.7122687e-01  7.6002932e+00\n",
      "   1.1303965e+00  2.6007313e-01  3.1525433e+00  2.9620771e+00\n",
      "   3.7154350e+00 -2.1392732e+00]\n",
      " [ 2.4816842e+00  2.4901104e+00 -7.6921425e+00 -3.6681623e+00\n",
      "   1.6333193e+00 -1.4017980e+00 -3.6770923e+00  3.3000813e+00\n",
      "   8.9920759e+00  6.6192069e+00  6.9587350e+00  7.9803014e+00\n",
      "   8.2414067e-01  2.3385811e+00  1.4644132e+00  1.9681276e+00\n",
      "   3.6051502e+00  2.1959188e+00 -6.6698194e-01  1.6900824e+00\n",
      "   5.8674288e+00  1.2561746e-01  2.6615214e-01  2.1951766e+00\n",
      "   1.8732351e-01  3.4094825e+00  3.3392510e+00  4.9982202e-01\n",
      "   2.4036875e+00  7.9344749e+00]\n",
      " [ 6.3519120e-01  7.2319615e-01  1.1374047e+00  7.6543617e-01\n",
      "  -1.9381049e+00  8.0428905e+00  3.3429673e+00  2.8384762e+00\n",
      "  -5.3806777e+00 -2.6215026e+00  5.3270693e+00  1.0580346e+01\n",
      "  -3.2608280e+00 -2.8671737e+00  2.5382934e+00  7.2361565e+00\n",
      "   9.4577289e-01  2.8057561e+00  4.2526588e+00 -1.9421659e+00\n",
      "  -1.7425441e+00 -3.2440257e-01 -5.6922693e+00  7.9385185e-01\n",
      "  -6.9611847e-01 -1.6020279e+00  5.2736034e+00 -5.1084514e+00\n",
      "   4.2425566e+00 -6.5784174e-01]\n",
      " [-4.2999716e+00 -1.4291418e+00  2.3132350e+00 -1.4522389e+00\n",
      "   1.5262640e-01  4.6674471e+00 -7.9033440e-01  3.6330132e+00\n",
      "   8.2029545e-01 -6.9755667e-01 -3.3450657e-01  2.2741747e-01\n",
      "   1.6559279e-01  5.9460068e+00  3.1629889e+00 -8.2834166e-01\n",
      "   3.5995665e+00  6.9338870e+00  1.6353550e+00  2.2159836e+00\n",
      "  -5.1059704e+00 -1.5550156e+00  7.5873790e+00  3.8392334e+00\n",
      "  -2.7324646e+00  1.9535526e+00  5.7005703e-01 -5.1375837e+00\n",
      "   1.2532496e+00  3.4156828e+00]\n",
      " [ 1.7148718e+00  4.5168004e+00  1.1140133e+00  1.4715989e+00\n",
      "   2.6926742e+00  7.4976677e-01  4.0224733e+00  3.2879481e+00\n",
      "   5.1773453e+00 -2.0542300e+00 -3.1142254e+00 -2.3510485e+00\n",
      "   2.4808764e-01  2.1550422e+00  6.7016044e+00 -1.1272724e+00\n",
      "  -7.4649024e-01  2.1500781e+00 -2.0322731e+00  5.7202396e+00\n",
      "   3.5277832e+00  3.5389776e+00 -3.4483771e+00 -3.6637547e+00\n",
      "   2.2155347e+00 -4.6083426e+00  9.9120474e+00  6.0651934e-01\n",
      "   1.0833613e+00 -1.9576019e-01]\n",
      " [ 9.0816975e-01 -3.0388083e+00  3.0221081e+00  8.7059391e-01\n",
      "  -1.0964804e+00  4.0279617e+00  6.8148727e+00 -6.8735629e-01\n",
      "   5.1623392e+00  1.5372367e+00  3.6970057e+00 -4.1904531e+00\n",
      "   3.8515134e+00 -3.5317624e-01  3.7546058e+00  6.6175013e+00\n",
      "   1.0005437e+00 -6.7407093e+00  3.7586272e+00  3.7064373e-02\n",
      "   1.3674277e+01  5.1908908e+00 -5.0614434e-01 -4.8526468e+00\n",
      "   3.2403922e+00  1.5819882e+00 -3.9570184e+00 -6.8145051e+00\n",
      "   2.5213239e+00  4.4623871e+00]\n",
      " [ 1.5963336e+00 -1.9016814e+00 -3.4547682e+00  2.4878082e+00\n",
      "  -3.0402377e+00 -8.4865606e-01  3.9546027e+00  3.9729230e+00\n",
      "   1.2024300e+00 -1.2073890e+00  2.9717000e+00  7.3874111e+00\n",
      "   2.9758980e+00 -6.6401978e+00  1.7885767e+00 -2.0546138e+00\n",
      "   2.7171166e+00 -3.3424513e+00  8.7905207e+00 -2.7316084e+00\n",
      "   7.1964419e-01 -9.3424797e-01 -8.6384654e-02  8.8096601e-01\n",
      "   2.3939984e+00 -5.1715386e-01 -3.9648445e+00 -3.2964292e+00\n",
      "   1.9377565e+00  1.2448910e+00]\n",
      " [ 3.3511994e+00  4.8738623e+00 -1.0774847e+00 -2.0282631e+00\n",
      "   3.1917772e+00 -5.0006092e-02 -4.0519857e+00  2.3598907e+00\n",
      "   6.5993828e-01 -2.0829258e+00  2.8073945e+00  7.9862833e-01\n",
      "   1.7500994e+00 -1.1811628e+00  2.7722743e+00 -4.6910483e-01\n",
      "  -6.3335896e+00 -1.8716979e+00  4.7970204e+00 -3.6793194e+00\n",
      "  -6.1548529e+00  7.0743842e+00 -4.4633865e+00  7.5638688e-01\n",
      "   3.6035109e+00  4.2178969e+00  3.8432584e+00 -2.4438791e+00\n",
      "   3.3860309e+00 -2.3783610e+00]\n",
      " [-2.2326977e+00  1.3265090e+00 -1.7604542e+00 -1.7722189e-01\n",
      "   1.2383049e+00  5.2305737e+00  3.7834935e+00 -2.0994291e+00\n",
      "  -1.7958430e+00  3.8474436e+00  4.4522743e+00  1.2959400e+00\n",
      "   2.3880717e-01 -9.0274572e-01  2.3331021e-01  1.4954662e+00\n",
      "  -1.3302526e+00 -1.3341930e+00  1.6311727e+00  1.0615719e+01\n",
      "  -1.1347123e+00  4.2837758e+00 -4.9595461e+00 -7.3318928e-02\n",
      "   3.9928317e+00  1.5345814e+00  8.7945499e+00  4.4526067e+00\n",
      "  -1.0438588e+00  6.6206746e+00]\n",
      " [ 4.7255545e+00  3.0905347e+00 -1.3336463e+00  1.5895001e+00\n",
      "   5.3901024e+00 -1.5020587e+00 -3.1409454e-01  7.2899694e+00\n",
      "  -1.1413640e+00 -2.3934212e+00  7.7016368e+00  8.1743371e-01\n",
      "   4.4118142e-01  8.9746227e+00  1.0964512e+00  4.4835558e+00\n",
      "   3.9738216e+00 -2.7912321e+00 -3.0487633e+00 -3.3516264e-01\n",
      "  -1.1458800e+01  1.5853624e+00  9.2996669e-01 -4.9932957e-01\n",
      "   7.0133438e+00  3.4737483e-02 -1.9819839e+00 -5.5089474e+00\n",
      "  -1.8698454e-01 -5.0495310e+00]], shape=(30, 30), dtype=float32)\n",
      "tf.Tensor(\n",
      "[[ 7.93808746e+00  9.17792559e-01  5.26650715e+00  1.21255398e-01\n",
      "  -2.95723915e-01 -9.87696648e-02  3.73505926e+00 -3.49108124e+00\n",
      "   1.29924774e-01 -2.43923855e+00 -2.84909582e+00  5.83425045e+00\n",
      "   4.48875618e+00  1.27887368e+00  3.13548422e+00  7.34091187e+00\n",
      "   4.15522623e+00 -8.11575222e+00  4.84058952e+00  4.47000027e+00\n",
      "   4.81102943e+00  1.40034294e+00  1.12418890e-01 -4.06250334e+00\n",
      "   7.59650421e+00  4.57892895e+00  3.47661662e+00  5.45022964e+00\n",
      "   2.17017603e+00  2.75165820e+00]\n",
      " [ 2.20651412e+00 -1.54835892e+00  1.98577547e+00  1.57885849e+00\n",
      "   3.76962900e+00  3.44004512e+00  5.25681019e-01  7.86755753e+00\n",
      "  -6.89383745e-01 -1.43564177e+00  1.72896767e+00  8.28933811e+00\n",
      "  -4.64287758e-01  1.45960951e+00 -2.06119418e+00  4.79351473e+00\n",
      "  -4.94945192e+00  1.51046407e+00  9.45881462e+00  7.23779440e+00\n",
      "   1.66106188e+00  2.16507530e+00 -1.42129278e+00  1.59426033e+00\n",
      "   5.60177040e+00 -3.49385810e+00  4.76923370e+00  1.09077959e+01\n",
      "   8.86948967e+00 -5.83171558e+00]\n",
      " [ 2.46829510e-01  4.91451693e+00  8.87086582e+00 -1.36399245e+00\n",
      "   6.14773941e+00  2.29169774e+00 -3.19971275e+00  6.30324936e+00\n",
      "   6.77505875e+00 -2.11243057e+00  3.00303793e+00  2.10385013e+00\n",
      "   8.14661503e+00  7.55875921e+00  2.48365974e+00  6.53943682e+00\n",
      "  -2.75650692e+00  2.35007048e-01 -6.19563818e-01 -7.13026047e-01\n",
      "   5.54340315e+00 -2.73488855e+00  7.71678686e-01  6.85630941e+00\n",
      "   2.79262972e+00 -3.46605182e+00  1.26982851e+01  9.06923866e+00\n",
      "   2.32137156e+00 -4.41560841e+00]\n",
      " [-1.54896021e-01  2.29967761e+00  3.83184195e+00  6.14546728e+00\n",
      "  -5.15044022e+00  4.75044441e+00 -2.11307430e+00  3.55920124e+00\n",
      "  -2.34323382e+00  7.83161449e+00 -3.60887671e+00 -1.07225180e-01\n",
      "   4.96357155e+00  4.76243067e+00  2.07047105e+00 -4.42935610e+00\n",
      "   1.59592414e+00  5.06928539e+00  3.97565913e+00  1.23864508e+00\n",
      "  -9.55575943e-01  2.36845827e+00  3.05832553e+00  3.42557287e+00\n",
      "   6.40879774e+00  6.01586628e+00  1.39290679e+00  7.35979700e+00\n",
      "  -2.51561880e-01  2.51772404e+00]\n",
      " [ 2.82086492e+00  6.14817524e+00  8.89028740e+00  3.09349871e+00\n",
      "   6.35941029e+00  2.49119139e+00  6.95578337e+00  6.42129898e+00\n",
      "   1.23668051e+00  2.91077900e+00  7.06805897e+00  2.88730955e+00\n",
      "   6.76842022e+00  9.65508652e+00  1.21279883e+00 -4.20943546e+00\n",
      "   1.83935714e+00  2.82190990e+00  6.57061672e+00  4.81807518e+00\n",
      "   3.74452400e+00  4.50739479e+00 -6.70492125e+00  5.08529377e+00\n",
      "   2.45075893e+00  7.82635164e+00  4.63895273e+00  7.43817711e+00\n",
      "   7.28883648e+00  4.31380749e+00]\n",
      " [ 4.35799742e+00  2.32922506e+00  9.85378027e-01  2.04381204e+00\n",
      "   5.72146034e+00  1.07600365e+01  4.03408289e-01  8.70804310e-01\n",
